394
882
883
1140
1148
31964
32049
32051
36809
36870
37692
40041
41431
41514
43989
50743
52598
56780
58051
59196
59748
59919
59920
59922
59931
60480
60481
62928
62977
63737
64091
64471
65393
66084
66692
69014
69042
70601
71421
74546
74547
76114
76869
77037
77038
78245
83331
83332
84588
85643
85962
85963
87626
89187
93059
93060
93061
93062
94122
96561
99287
100226
101510
103690
106370
107806
110662
114615
115711
115713
119857
121723
122586
122587
123214
126740
138119
138677
146891
155864
155919
155920
156578
156586
156889
158878
158879
159087
160488
160490
160491
160492
161528
161544
163164
164546
164756
164757
165597
167539
167542
167546
167555
167879
169292
169963
170187
171101
176279
176280
176299
177416
177437
177439
178306
182082
183190
186103
186497
187272
187410
187420
188937
189518
189918
190192
190304
190485
190486
190650
192222
192952
193567
194439
195099
195102
195103
196162
196164
196600
196620
196627
197221
198094
198214
198215
198466
198804
199310
203119
203120
203122
203123
203124
203267
203907
204536
204669
204722
204773
205913
205914
205918
205920
205921
205922
206672
207559
207949
207954
208435
208963
208964
209261
210007
211110
211586
212042
212717
214092
216389
216432
216591
216594
216596
216816
216895
218491
218495
218496
218497
220341
220664
220668
221109
221359
221360
221988
222523
222891
223283
223926
224308
224324
224325
224326
224911
224914
224915
225849
226185
226186
226900
227377
227882
227941
228400
228405
228410
228908
229193
232721
233150
233412
233413
234267
234621
234826
235279
235909
237727
240015
240292
242231
242619
243090
243159
243160
243161
243164
243230
243231
243232
243233
243243
243265
243272
243273
243274
243275
243276
243277
243365
246194
246195
246196
246197
246200
247156
247633
247635
247639
251221
252305
254945
255470
257309
257310
257311
257313
257314
257363
258594
259536
259564
260799
261318
261594
262316
262489
262543
262698
262719
262722
262723
262724
262768
263820
264198
264199
264201
264202
264203
264462
264730
264732
265072
265311
265669
266117
266264
266265
266779
266834
266835
266940
267377
267608
267671
267747
267748
269084
269482
269483
269484
269796
269797
269798
269799
269800
270374
271848
272557
272558
272559
272560
272561
272562
272563
272564
272568
272569
272620
272621
272622
272623
272624
272626
272631
272632
272633
272634
272635
272831
272843
272844
272943
272944
272947
272951
272994
273036
273057
273063
273068
273075
273116
273119
273121
273123
278197
278957
279010
279238
279714
279808
281090
281309
281310
281689
282458
282459
283165
283166
283942
286604
286636
288000
288681
288705
289376
289380
290315
290317
290318
290338
290339
290340
290397
290398
290399
290400
290402
290434
290512
290633
291272
291331
292414
292415
292459
292805
293613
293614
293653
293713
293826
295319
295358
295405
296591
297245
297246
298386
298653
299768
300267
300268
300269
300852
302409
306254
306263
306264
306537
307502
309798
309799
309801
309803
309807
311402
311403
311424
312153
312284
312309
313589
313590
313594
313595
313596
313603
313606
313612
313624
313625
313627
313628
314225
314230
314231
314232
314253
314254
314256
314260
314261
314262
314264
314265
314266
314267
314269
314271
314275
314276
314277
314278
314280
314282
314283
314285
314288
314289
314290
314291
314292
314315
314345
314565
314608
314723
314724
315277
315456
315730
315749
315750
316055
316056
316057
316058
316067
316273
316274
316275
316278
316279
316385
316407
317025
317655
318161
318167
318586
319224
319225
319701
319795
320372
320373
320388
320389
320483
320771
321314
321327
321332
321956
321967
322098
322159
322710
322866
323097
323098
323259
323261
323848
323850
324057
324602
324831
324925
325240
326297
326298
326423
326424
326427
326442
329726
330779
331111
331112
331271
331272
331678
331869
332415
333849
333990
334380
334390
334413
335283
335284
335541
335543
335992
336407
336982
338187
338963
338966
338969
339670
339671
339854
339860
340047
340099
340100
340101
340102
340177
340184
340185
340186
340197
340322
342108
342109
342110
342451
342610
342613
342614
342615
342616
342617
343509
344601
344609
344610
344747
345073
345076
345219
347257
347834
348780
349101
349102
349106
349123
349124
349161
349163
349307
349519
349521
349741
349746
349747
350054
350058
350688
351016
351160
351348
351605
351607
351627
351745
351746
354242
355276
355277
355278
357244
357348
357544
357804
357808
357809
358681
358708
358709
359391
359786
359787
360094
360095
360099
360102
360104
360105
360106
360107
360108
360109
360110
360111
360112
360115
360116
360117
360910
361100
362242
362663
362948
362976
363253
364106
365044
366394
366602
367737
367928
368407
368408
369723
370438
370551
370552
370553
370554
370569
372461
373153
373154
373384
373665
373903
374463
374675
374833
374847
374927
374928
374930
374931
374932
374933
375063
375177
375286
375432
375451
376686
377431
377628
378753
378806
379066
379360
379731
380394
380703
380749
381666
381754
381764
382245
382638
382640
383372
383629
383631
384616
384676
384765
386043
386415
386585
386656
387092
387093
387344
387662
388396
388399
388400
388401
388413
388739
388919
390235
390236
390333
390874
391008
391009
391037
391038
391165
391295
391296
391574
391587
391591
391592
391593
391595
391596
391597
391598
391603
391612
391613
391619
391624
391625
391735
391774
391896
391904
392021
392423
392499
392500
393011
393115
393305
393595
394221
394503
395019
395491
395492
395495
395960
395961
395962
395963
395965
396359
396513
396588
396595
396596
396597
396598
397945
397948
398000
398527
398577
398578
398579
398580
398720
398767
399549
399550
399599
399726
399739
399741
399742
399795
399804
400667
400668
400673
401526
401614
402612
402626
402880
402881
402882
403833
404214
404215
404216
404217
404218
404380
404589
405416
405440
405441
405531
405532
405533
405534
405535
405536
405566
405917
405948
405955
406327
406425
406556
406557
406558
406559
406560
406561
406562
406563
407148
407976
409438
410289
410291
410358
410359
411154
411459
411460
411461
411462
411463
411464
411465
411466
411467
411468
411469
411470
411471
411474
411476
411477
411479
411481
411484
411485
411486
411489
411490
411684
411901
411902
411903
412022
412418
412419
412420
412614
412694
412883
412965
412966
412967
413404
413999
414684
415426
416269
416276
416348
416591
416870
417290
417397
417398
417399
417400
418127
418136
419109
419610
419665
419947
420246
420247
420662
422288
422289
423368
425067
425104
426117
426355
426368
426430
427317
428125
428126
428127
428128
428406
429572
430066
431943
431947
434271
434922
434923
434924
435590
435591
436114
436308
438753
439235
439292
439375
439842
439843
439846
439847
439851
439855
440085
440534
441620
441768
441770
441771
441772
441952
442563
443144
443152
443906
444157
444158
444177
444178
444179
444447
444448
444449
444450
444451
444452
444453
445334
445335
445336
445337
445932
445970
445971
445972
445973
445974
445975
445983
445984
445985
445986
445987
446462
446465
446466
446468
446470
446471
447214
447217
448385
449447
449673
450851
451515
451516
451640
451707
451708
451709
451754
451755
451756
451757
452471
452637
452638
452659
452863
453361
453362
453363
453364
453365
453366
453591
454164
454165
454166
454167
454168
454169
454231
455434
455488
455632
456298
456320
456442
456481
457570
458233
458234
458817
460265
465515
465516
465517
465518
465817
467705
469378
469381
469382
470137
470145
470146
471223
471472
471473
471821
471852
471854
471855
471856
471857
471870
471871
471872
471874
471875
471876
471881
473819
474186
476210
476211
476212
476213
476272
477974
478004
478005
478006
478007
478008
478009
478547
478749
478801
479431
479432
479433
479434
479435
479436
479437
480119
480224
481448
481743
481805
482628
483179
483214
483215
483216
483217
483218
484018
484019
484022
485914
485915
485916
485917
485918
486408
486409
486619
486620
486621
486622
486623
486624
487213
487214
487796
487797
488221
488222
488223
488537
490899
491074
491075
491076
491077
491915
491916
492476
495036
497964
497965
498211
498213
498214
498737
498738
498739
498740
498741
498742
498743
498761
498848
500632
500633
500635
500637
500639
500640
502025
502346
502347
502800
502801
504472
504474
504728
504832
505682
507522
508765
508767
509169
509170
509173
511145
511995
512562
512566
513049
513051
513052
513053
515608
515609
515611
515635
516466
516950
517417
517418
518603
518634
518635
518636
518637
518766
519049
519441
519442
519849
519851
520999
521002
521003
521004
521005
521006
521011
521045
521095
521096
521097
521098
521460
521674
522373
522772
523791
523794
523850
525146
525244
525245
525246
525254
525255
525256
525257
525260
525263
525264
525268
525271
525278
525279
525281
525282
525284
525306
525310
525318
525325
525326
525327
525329
525330
525337
525338
525341
525361
525362
525363
525364
525365
525366
525367
525369
525372
525897
525898
525903
525904
525909
525919
526218
526222
526224
526225
526226
526227
526347
526967
526968
526969
526970
526971
526972
526973
526974
526975
526976
526977
526978
526979
526980
526981
526982
526983
526984
526985
526986
526987
526988
526989
526990
526991
526992
526993
526994
526997
526998
526999
527000
527019
527020
527021
527022
527023
527024
527025
527026
527027
527028
527029
527030
527031
527032
529507
535289
536229
536231
536232
537006
537007
537011
537012
537013
537021
537457
543302
543728
543734
544405
544406
544556
545422
545431
545696
546231
546262
546264
546265
546266
546272
546274
546414
547043
547046
547047
547559
548470
548473
548476
548477
548478
548479
548480
548485
550537
550538
550542
550747
550748
550773
551115
552526
552536
553175
553177
553178
553184
553199
553204
553212
553218
553482
553973
554290
555088
555778
555779
557433
557436
557598
557600
557722
557723
557724
557760
561177
561180
561275
561276
561304
561501
563041
563178
563191
563990
565034
565050
565575
566549
566552
568206
569881
570417
570508
572264
574521
575788
579112
583346
585034
585035
585054
585055
585056
585057
585199
585397
585501
585517
586220
591023
592010
592026
592313
593585
593586
593587
593589
593590
595497
595498
596309
596322
596327
598659
622312
626095
626096
626523
629742
632245
632772
